ga_optimized_env:
  eta: -1.8507454393674563
  max_skew_usd: 5.0
  max_spread_multiplier: 42.140791695770034
